40.7913
40.793
40.7926
40.7923
40.7884
40.7792
40.7642
40.7429
40.7296
40.7113
40.6888
40.6666
40.6456
40.6309
40.6188
40.6101
40.6014
40.5948
40.5936
40.5985
40.607
40.611
40.6236
40.6419
40.6566
40.678
40.7005
40.7187
40.7345
40.763
40.7767
40.7841
40.7915
40.7948
40.7964
40.7889
40.7864
40.7737
40.7598
40.7376
40.7257
40.7027
40.6809
40.6601
40.6469
40.6327
40.6205
40.6112
40.6039
40.6004
40.6022
40.607
40.6155
40.6248
40.6412
40.6638
40.6851
40.7042
40.7277
40.7418
40.7618
40.7727
40.7859
40.7972
40.7971
40.7979
40.7971
40.7917
40.7794
40.7672
40.7487
40.7297
40.7119
40.6914
40.6709
40.6582
40.6382
40.6251
40.6193
40.6116
40.6063
40.6078
40.6119
40.6173
40.6296
40.6479
40.6655
40.6815
40.7025
40.7223
40.7487
40.7619
40.7772
40.7881
40.7998
40.803
40.8034
40.7991
40.7974
40.7887
40.7757
40.7567
40.7389
40.7237
40.7036
40.6878
40.6691
40.6521
40.6419
40.629
40.6258
40.6169
40.6187
40.6198
40.6325
40.6407
40.6525
40.6673
40.684
40.7022
40.7242
40.7403
40.758
40.7762
40.792
40.799
40.8056
40.8077
40.8077
40.8009
40.7942
40.7816
40.7596
40.7459
40.7283
40.7058
40.6872
40.6704
40.654
40.6386
40.6291
40.6195
40.614
40.6139
40.6157
40.6241
40.6344
40.6452
40.6598
40.6761
40.696
40.7166
40.7376
40.7539
40.7678
40.7852
40.7978
40.8028
40.8068
40.8086
40.8019
40.7924
40.7808
40.7656
40.7487
40.7365
40.7187
40.693
40.6758
40.6587
40.6432
40.6331
40.6212
40.6137
40.6121
40.6142
40.6227
40.6312
40.6407
40.6571
40.6778
40.6904
40.7081
40.7353
40.7496
40.763
40.7792
40.7918
40.8019
40.8045
40.8042
40.8019
40.7972
40.7884
40.7702
40.7562
40.7429
40.7275
40.7046
40.6875
40.6645
40.6494
40.6347
40.6257
40.6188
40.6133
40.615
40.6206
40.6286
40.6383
40.6526
40.6635
40.6818
40.7024
40.726
40.7418
40.7537
40.7735
40.7889
40.8
40.804
40.806
40.8061
40.7991
40.7919
40.7808
40.7661
40.7517
40.739
40.7177
40.6963
40.6721
40.6543
40.6436
40.6313
40.6187
40.615
40.6107
40.619
40.6238
40.6336
40.6453
40.662
40.6796
40.6968
40.7176
40.7415
40.7536
40.7715
40.7866
40.7977
40.8025
40.8045
40.8066
40.8045
40.7974
40.7889
40.7743
40.7575
40.7466
40.7317
40.7031
40.6864
40.6674
40.6509
40.6386
40.6291
40.6198
40.6152
40.6152
40.6192
40.6248
40.6332
40.646
40.6622
40.6831
40.7023
40.7236
40.7454
40.7565
40.7741
40.787
40.7969
40.8024
40.8059
40.8091
40.805
40.7977
40.7879
40.7757
40.7543
40.7367
40.7205
40.6944
40.6789
40.6595
40.6456
40.632
40.6234
40.6148
40.6125
40.6138
40.6153
40.6252
40.6351
40.6485
40.6614
40.6825
40.7019
40.7257
40.7454
40.7584
40.777
40.792
40.8016
40.8082
40.8096
40.8117
40.8069
40.8021
40.7876
40.7688
40.7527
40.741
40.7232
40.6964
40.6784
40.6645
40.6428
40.6355
40.6253
40.6168
40.615
40.6165
40.6217
40.6318
40.6398
40.6541
40.6712
40.6898
40.706
40.7302
40.7443
40.7629
40.7786
40.7932
40.8044
40.8112
40.8148
40.8128
40.8078
40.7951
40.7849
40.7676
40.7504
40.7377
40.7147
40.6962
40.678
40.659
40.6432
40.6324
40.6236
40.6196
40.6162
40.6166
40.6243
40.6326
40.6424
40.6587
40.6794
40.6919
40.7144
40.7361
40.7522
40.7687
40.7866
40.8022
40.8104
40.8128
40.8144
40.8124
40.8075
40.8012
40.786
40.7694
40.7532
40.7377
40.7134
40.6918
40.6777
40.6575
40.6467
40.6367
40.6253
40.6198
40.618
40.6196
40.6277
40.6362
40.6457
40.6621
40.6751
40.6919
40.7135
40.7349
40.7558
40.7681
40.7873
40.8019
40.8116
40.8152
40.8158
40.8141
40.8069
40.799
40.7842
40.7654
40.7517
40.7391
40.7141
40.693
40.676
40.6608
40.6461
40.6346
40.6265
40.62
40.6209
40.6259
40.6312
40.6392
40.6489
40.6671
40.685
40.7017
40.7225
40.7493
40.766
40.7863
40.8041
40.8137
40.8221
40.8247
40.8272
40.8224
40.8175
40.8073
40.7918
40.7735
40.7588
40.7374
40.7189
40.697
40.6765
40.6595
40.6454
40.637
40.6296
40.6233
40.6186
40.6238
40.6334
40.6395
40.6507
40.6674
40.6874
40.7041
40.7302
40.7514
40.7682
40.7842
40.7998
40.8116
40.8184
40.8185
40.8217
40.8166
40.8124
40.8012
40.7883
40.7639
40.7488
40.7305
40.7086
40.6914
40.6702
40.6521
40.6381
40.6301
40.6184
40.6141
40.6143
40.6209
40.6242
40.6349
40.6484
40.6639
40.6802
40.6999
40.7242
40.7452
40.7642
40.7812
40.7986
40.8059
40.8133
40.8157
40.8144
40.8115
40.8056
40.795
40.7811
40.7627
40.7469
40.7252
40.6999
40.679
40.6646
40.649
40.6422
40.6287
40.6205
40.6166
40.6146
40.6184
40.6261
40.6352
40.6459
40.6574
40.6744
40.6975
40.7202
40.7403
40.7529
40.7745
40.7889
40.8011
40.8074
40.8095
40.8099
40.8058
40.7998
40.7896
40.7758
40.7583
40.7425
40.7237
40.6967
40.6787
40.6592
40.6415
40.6327
40.621
40.6139
40.6087
40.61
40.6115
40.6188
40.6284
40.6398
40.6566
40.6757
40.6915
40.7156
40.7377
40.7534
40.7716
40.7905
40.8001
40.8081
40.8067
40.8064
40.8051
40.799
40.7897
40.7726
40.7546
40.7355
40.7201
40.6979
40.6807
40.6585
40.6443
40.6296
40.6216
40.6097
40.608
40.609
40.6111
40.6191
40.6286
40.6409
40.6562
40.6765
40.6958
40.7222
40.7441
40.7606
40.7809
40.7967
40.8048
40.8095
40.8152
40.8173
40.8133
40.8082
40.7995
40.7842
40.766
40.7476
40.7301
40.7028
40.6761
40.6581
40.6438
40.6283
40.6178
40.6106
40.6046
40.6046
40.6066
40.6128
40.6244
40.6339
40.6512
40.6697
40.6904
40.7137
40.7385
40.7541
40.7673
40.7841
40.7957
40.8017
40.8066
40.81
40.8047
40.7973
40.7881
40.7775
40.7534
40.7393
40.7213
40.6982
40.6792
40.6616
40.6413
40.6303
40.6184
40.6119
40.6093
40.6062
40.6091
40.6168
40.6252
40.6362
40.6523
40.6684
40.6884
40.7104
40.7297
40.7493
40.7637
40.7824
40.796
40.8047
40.8102
40.8105
40.8094
40.8034
40.7926
40.7778
40.7577
40.7432
40.7267
40.7015
40.6837
40.6634
40.6457
40.6308
40.6198
40.6123
40.6083
40.6023
40.6078
40.6112
40.6214
40.6351
40.6526
40.6695
40.6888
40.7072
40.7317
40.7464
40.7662
40.782
40.7975
40.8037
40.8108
40.8085
40.8036
40.7987
40.788
40.7757
40.7557
40.7365
40.723
40.6993
40.6822
40.6617
40.6425
40.6332
40.6257
40.6146
40.6083
40.6091
40.6131
40.6194
40.6267
40.6373
40.6489
40.6669
40.6859
40.7081
40.7347
40.7526
40.7683
40.7854
40.798
40.8049
40.8089
40.8111
40.8085
40.8065
40.7961
40.7829
40.7644
40.7458
40.7288
40.7066
40.6809
40.6644
40.6469
40.6317
40.6265
40.6172
40.6134
40.6112
40.6142
40.6211
40.6271
40.636
40.6512
40.6686
40.6882
40.7077
40.7364
40.7544
40.7693
40.7882
40.8001
40.8053
40.8104
40.8116
40.8097
40.8056
40.7986
40.786
40.7681
40.7496
40.7296
40.7088
40.6848
40.6654
40.6463
40.6337
40.6241
40.6162
40.6135
40.6096
40.6112
40.6172
40.6226
40.6332
40.6489
40.6637
40.6819
40.7016
40.7292
40.7523
40.7641
40.7843
40.7994
40.8056
40.8122
40.8161
40.8132
40.8081
40.7997
40.7911
40.774
40.7587
40.7409
40.7143
40.6893
40.6692
40.6545
40.6388
40.6277
40.6167
40.6093
40.6127
40.6133
40.6186
40.627
40.6334
40.6498
40.6657
40.6839
40.7083
40.7399
40.7587
40.7739
40.7936
40.8053
40.8125
40.8151
40.8178
40.8166
40.8129
40.8045
40.7948
40.7768
40.7606
40.7421
40.7224
40.6995
40.6775
40.6607
40.6464
40.6356
40.6237
40.6179
40.617
40.6176
40.6241
40.6312
40.6411
40.6539
40.6712
40.6874
40.7082
40.7328
40.7494
40.7691
40.7858
40.8013
40.8107
40.8133
40.8132
40.8139
40.8101
40.804
40.7958
40.7789
40.7592
40.7426
40.7219
40.695
40.6743
40.6528
40.6385
40.6238
40.6149
40.6093
40.6076
40.6079
40.6133
40.6186
40.6294
40.6435
40.6555
40.677
40.697
40.7251
40.7467
40.7606
40.7835
40.7973
40.8061
40.8095
40.8102
40.8087
40.8063
40.8032
40.7879
40.7728
40.7556
40.7404
40.7199
40.6895
40.6736
40.6549
40.6366
40.627
40.6188
40.6135
40.6074
40.6081
40.6127
40.6222
40.6331
40.6439
40.6652
40.6858
40.7076
40.732
40.7525
40.7675
40.7891
40.7999
40.8108
40.8137
40.8192
40.8182
40.8142
40.8072
40.7971
40.7776
40.7594
40.7429
40.7248
40.699
40.6774
40.6554
40.6377
40.6273
40.6163
40.613
40.6113
40.6119
40.6135
40.6204
40.6291
40.6406
40.6594
40.6808
40.7006
40.7256
40.7459
40.7609
40.7795
40.7968
40.8078
40.8117
40.8164
40.8156
40.8149
40.8064
40.796
40.7742
40.7548
40.7373
40.7183
40.6941
40.6733
40.6543
40.6364
40.6241
40.6151
40.6079
40.6061
40.6062
40.6119
40.6172
40.6257
40.634
40.6554
40.6741
40.6958
40.7211
40.7414
40.7589
40.7771
40.7961
40.8026
40.8079
40.8116
40.8108
40.8089
40.7987
40.7911
40.7729
40.7557
40.7388
40.7198
40.6939
40.6724
40.655
40.6366
40.6228
40.6161
40.6112
40.6074
40.6069
40.6116
40.6175
40.6272
40.638
40.6547
40.6741
40.6947
40.7212
40.7413
40.7571
40.7758
40.7953
40.8076
40.8112
40.8131
40.8138
40.8108
40.8026
40.7919
40.7804
40.7602
40.7449
40.7282
40.7031
40.6842
40.6567
40.6405
40.6271
40.6203
40.6132
40.6094
40.6063
40.6115
40.6174
40.6243
40.6338
40.6533
40.6718
40.6892
40.7139
40.7372
40.7584
40.7807
40.7985
40.8089
40.8121
40.8148
40.8144
40.815
40.8095
40.8002
40.7887
40.7679
40.7489
40.7312
40.7056
40.6824
40.665
40.6472
40.6321
40.6235
40.6129
40.6075
40.6067
40.6088
40.6147
40.6201
40.6314
40.6452
40.6605
40.6787
40.6991
40.7249
40.7454
40.7634
40.7778
40.7915
40.7995
40.8048
40.8067
40.8049
40.8012
40.7968
40.7842
40.7686
40.7493
40.7346
40.7111
40.6865
40.6674
40.649
40.6314
40.6198
40.6115
40.6074
40.5992
40.6021
40.6056
40.6103
40.6235
40.6361
40.6523
40.669
40.6925
40.7186
40.737
40.7517
40.7704
40.787
40.7933
40.801
40.8002
40.7993
40.7969
40.7893
40.7793
40.7636
40.748
40.7297
40.7089
40.6859
40.6632
40.6475
40.6311
40.6185
40.6091
40.6024
40.5987
40.5987
40.5996
40.6089
40.6159
40.63
40.6436
40.6609
40.6784
40.7048
40.7269
40.7458
40.7669
40.7863
40.7973
40.8008
40.8072
40.8083
40.8015
40.7961
40.788
40.777
40.7588
40.7372
40.7256
40.7018
40.6771
40.6601
40.6421
40.6269
40.6163
40.6077
40.6026
40.6021
40.6052
40.6095
40.6214
40.6277
40.644
40.6601
40.6782
40.7016
40.7262
40.7479
40.7621
40.779
40.7935
40.8013
40.8084
40.8097
40.8072
40.8012
40.7967
40.7865
40.7681
40.7496
40.7393
40.7223
40.691
40.6709
40.6522
40.6365
40.629
40.6162
40.61
40.61
40.6116
40.6158
40.6234
40.633
40.6467
40.6619
40.6786
40.7042
40.7292
40.7469
40.7605
40.7795
40.7912
40.7998
40.8073
40.8107
40.8104
40.8066
40.7987
40.7918
40.7759
40.7564
40.7378
40.7207
40.6923
40.6755
40.6553
40.6394
40.6254
40.6169
40.6074
40.6039
40.6079
40.6113
40.6179
40.6283
40.6388
40.6518
40.6707
40.6929
40.7187
40.7368
40.75
40.7659
40.7847
40.7961
40.8039
40.8063
40.8103
40.8074
40.8025
40.7937
40.7726
40.7525
40.7379
40.7244
40.7003
40.6801
40.6619
40.6453
40.6311
40.6249
40.6109
40.6054
40.6074
40.607
40.6149
40.6226
40.6315
40.6483
40.6649
40.6851
40.705
40.7313
40.7444
40.7629
40.7838
40.7946
40.805
40.8037
40.8067
40.8037
40.7966
40.7871
40.7769
40.7592
40.739
40.7244
40.706
40.6811
40.6629
40.6471
40.6255
40.6171
40.6074
40.6012
40.6001
40.6016
40.6047
40.6147
40.624
40.6356
40.6597
40.673
40.6961
40.7202
40.7404
40.7564
40.7764
40.7929
40.8068
40.8117
40.8116
40.8077
40.8058
40.7967
40.7881
40.7704
40.7497
40.7334
40.7162
40.6907
40.6697
40.6525
40.6385
40.6286
40.6184
40.6123
40.6113
40.6123
40.614
40.6242
40.6293
40.6444
40.6604
40.6757
40.6972
40.7228
40.7408
40.761
40.7794
40.7965
40.8049
40.8063
40.8146
40.8131
40.8079
40.8059
40.7941
40.778
40.7597
40.745
40.7259
40.701
40.68
40.6608
40.6435
40.6333
40.6239
40.6133
40.6121
40.6114
40.6129
40.6205
40.6298
40.6385
40.6518
40.6713
40.6923
40.7146
40.7394
40.7568
40.7733
40.7929
40.8037
40.8102
40.8165
40.8162
40.814
40.8077
40.7981
40.787
40.7638
40.7469
40.7306
40.7072
40.6856
40.666
40.6528
40.6331
40.6242
40.617
40.6121
40.6117
40.6102
40.6172
40.6258
40.6363
40.6528
40.6661
40.6855
40.7099
40.7324
40.7516
40.7709
40.7875
40.8015
40.8104
40.8147
40.8159
40.8145
40.8089
40.8005
40.7888
40.771
40.7512
40.7351
40.712
40.6887
40.6721
40.6534
40.6358
40.627
40.617
40.6074
40.606
40.6072
40.6144
40.6201
40.6301
40.6454
40.6646
40.6804
40.702
40.7269
40.744
40.7587
40.7742
40.7914
40.8015
40.8077
40.8102
40.8064
40.7997
40.7944
40.7852
40.7701
40.753
40.7394
40.7262
40.7049
40.682
40.6657
40.6499
40.6383
40.6255
40.6186
40.6151
40.6166
40.617
40.6235
40.6348
40.6463
40.6621
40.6827
40.7004
40.7262
40.7445
40.7585
40.7763
40.7924
40.8027
40.8052
40.8121
40.8113
40.8086
40.8005
40.7928
40.7793
40.7603
40.748
40.7339
40.7105
40.6873
40.6703
40.6507
40.635
40.6263
40.6173
40.6136
40.6129
40.6152
40.6198
40.626
40.6392
40.6547
40.6729
40.692
40.7121
40.7357
40.7536
40.766
40.785
40.7986
40.8062
40.8145
40.8172
40.8135
40.807
40.7985
40.7879
40.7708
40.7514
40.7373
40.7149
40.6913
40.6714
40.6562
40.6354
40.6251
40.6169
40.6111
40.6092
40.6106
40.6158
40.6255
40.6364
40.6492
40.667
40.6867
40.7066
40.7301
40.7474
40.7635
40.7797
40.7935
40.8033
40.8119
40.814
40.8145
40.8091
40.8024
40.7906
40.7709
40.7536
40.7405
40.7199
40.6972
40.6806
40.6621
40.6478
40.6339
40.6244
40.6147
40.6128
40.6124
40.6185
40.6243
40.634
40.6471
40.6628
40.6788
40.6992
40.7217
40.7409
40.7535
40.7706
40.7878
40.7989
40.8073
40.806
40.8105
40.8073
40.8015
40.793
40.778
40.7552
40.7409
40.7236
40.6977
40.6787
40.6594
40.6442
40.6313
40.6213
40.6134
40.6082
40.6081
40.6089
40.618
40.6254
40.6347
40.6543
40.6671
40.6883
40.7095
40.7331
40.7497
40.7662
40.7872
40.8011
40.8069
40.8107
40.8115
40.8086
40.8029
40.7956
40.7864
40.7625
40.7427
40.7294
40.7093
40.6854
40.6637
40.6448
40.6296
40.6151
40.6078
40.6018
40.6002
40.6029
40.6041
40.6159
40.6237
40.639
40.6583
40.6777
40.6985
40.7254
40.7386
40.7591
40.7803
40.7955
40.8035
40.8088
40.8104
40.81
40.8046
40.7949
40.7835
40.7669
40.7455
40.7272
40.7077
40.6842
40.6643
40.6453
40.6274
40.6165
40.605
40.6028
40.5999
40.6
40.6039
40.6094
40.6197
40.632
40.6507
40.6705
40.6895
40.7139
40.733
40.7523
40.7747
40.7929
40.801
40.8083
40.8111
40.8096
40.8107
40.8039
40.7932
40.7785
40.7568
40.7376
40.7192
40.6952
40.6746
40.6546
40.6365
40.6215
40.6133
40.6082
40.6034
40.6047
40.6073
40.612
40.6212
40.6305
40.6489
40.667
40.6848
40.711
40.7332
40.752
40.7708
40.7856
40.7968
40.8063
40.8115
40.8118
40.807
40.8019
40.7923
40.7805
40.7659
40.7482
40.7323
40.7082
40.6832
40.6647
40.6475
40.6318
40.6221
40.616
40.6085
40.6062
40.6085
40.6119
40.6196
40.6325
40.6448
40.6644
40.683
40.7076
40.7302
40.7467
40.7675
40.786
40.7946
40.8025
40.8122
40.8078
40.8085
40.8022
40.7954
40.7847
40.7673
40.7515
40.7353
40.7157
40.6887
40.6722
40.6522
40.6366
40.6253
40.6188
40.6102
40.609
40.6097
40.6148
40.6214
40.6274
40.6411
40.6606
40.6795
40.701
40.7251
40.7423
40.7603
40.7793
40.7936
40.8029
40.8101
40.8111
40.8144
40.8092
40.8008
40.7909
40.775
40.7593
40.7412
40.7221
40.6965
40.6788
40.6539
40.6358
40.6247
40.6151
40.6097
40.6061
40.6066
40.6073
40.6157
40.6216
40.633
40.6502
40.6701
40.6907
40.7186
40.7391
40.755
40.7756
40.792
40.8018
40.8092
40.816
40.8159
40.8146
40.8064
40.7952
40.7829
40.7628
40.7436
40.7301
40.7071
40.683
40.6616
40.6435
40.6295
40.6208
40.6106
40.602
40.6031
40.6019
40.6087
40.6173
40.6306
40.6434
40.6648
40.6862
40.7091
40.729
40.7434
40.7623
40.7789
40.7919
40.7992
40.8061
40.8088
40.8019
40.7996
40.7938
40.7804
40.7637
40.743
40.7314
40.7109
40.6878
40.6691
40.6469
40.6292
40.6156
40.6066
40.6018
40.5997
40.5993
40.6028
40.6128
40.622
40.6377
40.6579
40.6771
40.6977
40.7198
40.7391
40.7555
40.7738
40.7874
40.795
40.8022
40.8059
40.8043
40.8004
40.7908
40.7842
40.7658
40.7489
40.7319
40.7146
40.6944
40.6729
40.6548
40.6328
40.619
40.6082
40.6028
40.5991
40.6009
40.6033
40.6139
40.6199
40.6361
40.6569
40.6763
40.6976
40.7188
40.737
40.754
40.7714
40.7857
40.7942
40.8007
40.8044
40.8035
40.7999
40.7948
40.7868
40.7723
40.7546
40.7385
40.7221
40.7013
40.6804
40.659
40.6401
40.6239
40.6137
40.6081
40.6042
40.6016
40.6035
40.6112
40.6212
40.634
40.6512
40.6723
40.6961
40.7167
40.7393
40.7548
40.7754
40.7863
40.8002
40.8071
40.8085
40.8119
40.8092
40.8027
40.7968
40.7876
40.766
40.747
40.7329
40.7108
40.6895
40.6691
40.6487
40.6287
40.6185
40.6098
40.6065
40.6061
40.6075
40.609
40.6183
40.6295
40.6425
40.6657
40.6873
40.708
40.7276
40.7453
40.7642
40.7837
40.797
40.805
40.8104
40.8114
40.8115
40.806
40.7964
40.7891
40.7726
40.7518
40.7366
40.717
40.695
40.6746
40.6555
40.6337
40.6225
40.6121
40.6049
40.6034
40.6013
40.6051
40.6162
40.6233
40.6387
40.657
40.6799
40.7003
40.7211
40.7365
40.7548
40.773
40.7905
40.799
40.8075
40.8123
40.8121
40.8042
40.7994
40.786
40.7719
40.7526
40.7357
40.7219
40.6992
40.6776
40.6567
40.6357
40.62
40.6123
40.6053
40.6048
40.6031
40.6046
40.6096
40.6197
40.6277
40.648
40.6678
40.687
40.7092
40.7314
40.7459
40.7653
40.7862
40.7934
40.803
40.8065
40.8078
40.804
40.7998
40.7887
40.7768
40.7568
40.7374
40.7252
40.7046
40.6824
40.6619
40.6399
40.6209
40.6139
40.6059
40.5989
40.6011
40.6029
40.6067
40.6168
40.6276
40.6453
40.6662
40.6847
40.7061
40.7236
40.7397
40.7586
40.7786
40.7892
40.7981
40.8021
40.8004
40.7961
40.7869
40.7782
40.7549
40.7393
40.7229
40.708
40.6844
40.6642
40.6458
40.6275
40.6161
40.6092
40.6066
40.6072
40.6096
40.616
40.6266
40.6438
40.6642
40.6844
40.707
40.7271
40.7411
40.7608
40.7799
40.7936
40.8005
40.8041
40.8029
40.7999
40.7928
40.7791
40.7596
40.7424
40.7265
40.7118
40.6876
40.6679
40.6493
40.6311
40.6231
40.6141
40.6126
40.6114
40.616
40.6189
40.6324
40.6464
40.6648
40.6861
40.7061
40.728
40.7408
40.762
40.7826
40.7944
40.8009
40.8028
40.8048
40.7999
40.7929
40.7799
40.7607
40.7458
40.7283
40.7109
40.6898
40.6676
40.6498
40.6333
40.6261
40.6193
40.6136
40.6155
40.6192
40.6209
40.632
40.6466
40.6666
40.6872
40.7066
40.7237
40.7456
40.7646
40.7832
40.7969
40.8045
40.8042
40.8039
40.801
40.7945
40.7822
40.7647
40.747
40.7308
40.7141
40.6906
40.669
40.6513
40.6312
40.6257
40.6163
40.612
40.6135
40.6134
40.6216
40.6281
40.6458
40.6668
40.687
40.707
40.7271
40.7432
40.7622
40.7827
40.7924
40.8012
40.8022
40.8073
40.8001
40.7937
40.7859
40.7644
40.7465
40.7295
40.7142
40.6892
40.6692
40.6505
40.6324
40.6211
40.6141
40.6115
40.6123
40.6127
40.6239
40.6301
40.6487
40.6658
40.6852
40.7085
40.7268
40.74
40.7628
40.7801
40.796
40.8025
40.8054
40.8054
40.8038
40.7952
40.7854
40.7644
40.7437
40.7298
40.7118
40.6915
40.6683
40.6463
40.6328
40.6242
40.6165
40.6126
40.6122
40.6153
40.6201
40.63
40.6465
40.6692
40.6834
40.7014
40.7224
40.7391
40.7584
40.779
40.7916
40.8024
40.8056
40.8043
40.8019
40.7955
40.7833
40.764
40.7458
40.7283
40.7112
40.6864
40.6686
40.648
40.6285
40.6175
40.6113
40.6073
40.6073
40.6113
40.6156
40.625
40.642
40.66
40.6803
40.7015
40.7224
40.7329
40.7577
40.7799
40.791
40.7981
40.8009
40.8027
40.7956
40.7927
40.7815
40.7602
40.7429
40.7266
40.7109
40.6896
40.6682
40.6469
40.6292
40.619
40.6131
40.6075
40.6072
40.6105
40.6142
40.6239
40.642
40.6604
40.6814
40.7023
40.7197
40.7394
40.7584
40.7769
40.7867
40.7977
40.8015
40.8034
40.7972
40.7906
40.7807
40.7621
40.7469
40.7295
40.7098
40.6866
40.6658
40.6472
40.6277
40.6162
40.6096
40.6057
40.6052
40.6074
40.6117
40.6216
40.6386
40.6577
40.6762
40.6948
40.7167
40.7329
40.7522
40.77
40.7863
40.7919
40.8
40.8003
40.7959
40.7892
40.7818
40.7614
40.7439
40.7272
40.7114
40.6881
40.6684
40.6449
40.6262
40.6191
40.6106
40.6068
40.6074
40.6081
40.6134
40.62
40.6363
40.6538
40.6738
40.6927
40.716
40.7287
40.7477
40.7713
40.787
40.7911
40.7971
40.7992
40.7985
40.7886
40.7791
40.7555
40.7355
40.7214
40.7089
40.6828
40.6645
40.6397
40.6288
40.6147
40.6092
40.6038
40.6037
40.6065
40.613
40.6216
40.6323
40.6542
40.6744
40.6944
40.7153
40.7301
40.7487
40.7712
40.7875
40.7931
40.7981
40.7999
40.797
40.7914
40.7816
40.7633
40.7411
40.7263
40.7078
40.685
40.6646
40.645
40.6293
40.6198
40.6111
40.6082
40.6045
40.612
40.6136
40.6239
40.637
40.6566
40.678
40.6986
40.7184
40.7355
40.7537
40.7727
40.7908
40.7998
40.8011
40.8045
40.8016
40.7945
40.7829
40.7591
40.7369
40.7261
40.7077
40.6871
40.6675
40.6453
40.6298
40.6186
40.6139
40.6101
40.6094
40.6088
40.6173
40.6251
40.6342
40.6548
40.674
40.694
40.7151
40.7304
40.7491
40.7657
40.7793
40.79
40.7992
40.7961
40.7962
40.7872
40.7774
40.7603
40.7404
40.7276
40.7106
40.6879
40.6685
40.6449
40.6261
40.6138
40.6096
40.6042
40.6026
40.6047
40.6101
40.6156
40.6332
40.6547
40.6771
40.6951
40.7159
40.7355
40.7568
40.7734
40.7839
40.7954
40.7982
40.7982
40.7969
40.7901
40.7795
40.7622
40.7437
40.729
40.7145
40.6919
40.6752
40.6473
40.6262
40.6193
40.6102
40.6066
40.6032
40.6057
40.6111
40.6194
40.6336
40.655
40.6787
40.6967
40.7167
40.7375
40.7554
40.7725
40.7889
40.7978
40.8014
40.8033
40.8008
40.7965
40.7846
40.7664
40.75
40.7318
40.7149
40.6931
40.673
40.6495
40.6285
40.6192
40.6124
40.6079
40.6048
40.6043
40.6131
40.6236
40.6385
40.6583
40.68
40.7
40.7213
40.7352
40.755
40.7752
40.7863
40.7978
40.802
40.805
40.8012
40.7933
40.7851
40.7662
40.7461
40.7293
40.7125
40.6929
40.6753
40.6518
40.6307
40.6176
40.607
40.606
40.6053
40.6091
40.6102
40.6223
40.6326
40.6538
40.6753
40.6932
40.7161
40.7318
40.7523
40.7704
40.7875
40.7927
40.8015
40.8023
40.7976
40.7924
40.7808
40.766
40.7448
40.7244
40.7077
40.6869
40.667
40.6463
40.6283
40.6166
40.6092
40.6029
40.6053
40.6087
40.6095
40.6135
40.6293
40.6475
40.6713
40.693
40.7143
40.729
40.7509
40.771
40.7849
40.7963
40.8013
40.8056
40.7996
40.796
40.7852
40.7678
40.7482
40.7305
40.7144
40.6922
40.6725
40.6515
40.6321
40.6183
40.6115
40.6086
40.608
40.6087
40.6109
40.6196
40.632
40.6536
40.6766
40.6962
40.7184
40.7337
40.7544
40.7739
40.7889
40.7977
40.8059
40.8062
40.805
40.7967
40.7882
40.7706
40.7533
40.7334
40.7178
40.6996
40.6761
40.6562
40.6372
40.6234
40.6134
40.6114
40.6078